$ANSIBLE_VAULT;1.1;AES256
30303666653838303738383632636430396564343738316630363163353461666232326433623837
3731646265626632386231623362323638306538393564640a653337623230366361383037623331
35653462633536363433386631373362343864643932383264346332306335333365373532323261
3063346134336639650a353136613764666631316464306533646132626137323935333037353830
61336439333831343339646331656162653962636230373162383865333830623362356537663432
38666664613734316262303839326562613362323663303732623765623564326362646135336466
30376562633964393234373738363561386235376465333835633961663231646365316130643631
64653039633361343632376665663361666430613131393961356563353233366365646165363561
61663964653165633761386261646632303733633236343537336536313433396337636463613935
64646263376630313766316165366437303338346333643136346266383631633939393433353561
32646235616462646235643236363738303135653539636363663663623566666265353362353936
37346138323233383330363962333966343361323736353932666165326665333963623133663738
35643663333937653733636334333739313232306363653032306433613937343034306232326364
61393038616465663237333062353362373862616266373733663265646162623566333034653333
33633732313664323266623166396561356534346239643731326366386363363934333965353437
38626338663134636233393730356535396434303538623161613762663230303337383235396536
61313766326637313536363637303966653566346665653537646664336263663834643861303832
33656431656431663330656136633133343732633166313231633461343366316531383535343634
62353739333436666562373062623632626364643338303733663664643665356461373739666261
65353134306434323135
